-3.404390974638744627e-01
-8.141716898686622983e+01
-1.630512336296118292e+03
-2.477804174997519340e+02
-5.456141335441043516e+00
2.543681366522017413e+02
-8.974242317375814793e+00
-3.545704235294491014e+01
-4.127678682430740764e+02
-9.270061827753081616e+02
3.076349120886689548e+01
-5.470464287799886804e+00
1.769987253936842109e+01
-6.168316613638256740e+01
-9.260727043768383737e+02
-6.917829901090036628e+02
-3.245276140122652198e+00
-7.643637406123795586e+01
3.476942410584528034e+02
-8.796232376260103365e+02
